 0.1361 0.0010 0.0732
 0.1101 0.0028 0.1057
 0.0581 -0.0011 0.1247
 0.0712 -0.0023 0.1244
 0.0936 0.0035 0.1168
 0.1252 0.0012 0.0889
 0.1180 0.0027 0.0017
 0.1005 0.0030 0.0193
 0.0876 0.0037 -0.0580
 0.0795 0.0026 -0.0756
 0.1153 -0.0009 0.0447
 0.0970 0.0056 -0.0305
 0.0547 -0.0004 0.0843
 0.0695 -0.0009 0.0905
 0.0942 0.0016 0.0885
 0.1138 0.0021 0.0741
 0.1226 0.0040 0.0633
 0.1372 0.0062 0.0478
 0.0600 -0.0010 0.0580
 0.0878 0.0025 0.0447
 0.0841 0.0005 0.0727
 0.1267 0.0018 0.0184
 0.1209 0.0126 -0.0374
 0.1209 0.0075 -0.0186
 0.0883 0.0079 -0.0120
 0.1198 0.0123 -0.0594
 0.0895 0.0046 -0.0953
 0.1085 0.0066 -0.0749
 0.0610 0.0050 -0.0885
 0.0590 0.0061 -0.0615
 0.0677 0.0077 -0.0447
 -0.0677 0.0077 -0.0447
 -0.0590 0.0061 -0.0615
 -0.0610 0.0050 -0.0885
 -0.1085 0.0066 -0.0749
 -0.0895 0.0046 -0.0953
 -0.1198 0.0123 -0.0594
 -0.0883 0.0079 -0.0120
 -0.1209 0.0075 -0.0186
 -0.1209 0.0126 -0.0374
 -0.1267 0.0018 0.0184
 -0.0841 0.0005 0.0727
 -0.0878 0.0025 0.0447
 -0.0600 -0.0010 0.0580
 -0.1372 0.0062 0.0478
 -0.1226 0.0040 0.0633
 -0.1138 0.0021 0.0741
 -0.0942 0.0016 0.0885
 -0.0695 -0.0009 0.0905
 -0.0547 -0.0004 0.0843
 -0.0970 0.0056 -0.0305
 -0.1153 -0.0009 0.0447
 -0.0795 0.0026 -0.0756
 -0.0876 0.0037 -0.0580
 -0.1005 0.0030 0.0193
 -0.1180 0.0027 0.0017
 -0.1252 0.0012 0.0889
 -0.0936 0.0035 0.1168
 -0.0712 -0.0023 0.1244
 -0.0581 -0.0011 0.1247
 -0.1101 0.0028 0.1057
 -0.1361 0.0010 0.0732